Conv mode:

[-0.95688516  2.857493    5.09387    -3.4953418  -0.8482379  -0.78313625
 -0.92053604 -5.582183    0.652127   -3.5966997  -2.639853   -2.6389692
  1.2209994  -0.03329011  0.5465502   3.0580013  -0.30284506  1.1095351
 -0.44809917 -1.4928685 ]

[-0.72701627  3.2049546   4.569214   -1.8722433  -1.9137808  -0.18869725
 -1.0428149  -6.858229    1.5657753  -3.370012   -3.0374715  -2.271003
  0.6255657   0.06496271  0.76331705  2.4069471   0.56942344  0.40746844
 -0.04473292 -1.2968276 ]

RNN Mode:

 [-0.95688516  2.857493    5.09387    -3.4953418  -0.8482379  -0.78313625
 -0.92053604 -5.582183    0.652127   -3.5966997  -2.639853   -2.6389692
  1.2209994  -0.03329011  0.5465502   3.0580013  -0.30284506  1.1095351
 -0.44809917 -1.4928685 ]

[-1.5861642   3.2123775   4.565167   -3.7576225  -0.8586916   0.1994657
 -0.1239652  -6.455802    2.4332685  -4.566172   -6.381414   -2.1939964
  1.2078916  -1.9722121  -0.59945977  1.2070304   0.50848264  0.1485704
  0.28521666 -1.5972924 ]

conv hidden
[[-2.8215013   3.059659    0.8668413  ...  0.09301306  2.0743215
   0.00652818]
 [-1.5247296   4.3859987   1.5450716  ...  1.2689507   2.413549
   0.07403073]
 [-0.5863709   1.8324337   0.4056167  ... -0.78351504  0.268557
   0.52363944]
 ...
 [ 1.0812758  -1.3678069  -2.8674023  ...  1.2498043   1.1220182
   1.9918545 ]
 [-1.8223131  -0.46797836  0.74534994 ...  3.1810017  -0.17390916
   0.7820834 ]
 [ 0.52669036 -1.2368469  -2.5603108  ...  2.0260923   1.7594049
   2.896072  ]]


rnn hidden:

[[ 3.5537314  -0.77075994  3.452723   ... -5.365353    6.598067
   1.3809271 ]
 [-2.1226485  -1.3382953   5.23884    ... -9.331892    7.5415335
   1.358434  ]
 [ 4.281832   -1.4799681   0.65678567 ... -5.9148717   0.27361476
  -0.44303536]
 ...
 [ 1.9928424   0.87363577  0.620291   ... -5.009814    7.394614
   6.701834  ]
 [ 3.4179566  -0.6701084   4.496332   ... -6.049884    3.2122297
   3.849227  ]
 [ 3.0225587  -3.6621127   3.5835264  ... -4.2831736   4.2082677
   2.9288383 ]]



Hidden:  [-0.36286867 -1.3327692   0.19491136  2.1625235  -1.5615195   3.9423232
  2.1493626   0.6394801  -2.61315     3.1029131 ]
Hidden:  [-3.943613    0.43491268  4.634928   -0.23108423 -2.7454977   3.3934188
 -1.8627317   0.0710099  -2.7137728  -1.2241669 ]
Hidden:  [-4.51511    -2.724048    7.6279154  -3.9883156   3.3233132  -0.46544793
 -0.7220711  -2.3869495  -5.687681    2.647759  ]


[-4.827359   -3.6144218   3.225361   -4.5856357   3.2126608  -0.97062784
 -0.32828438 -2.7548304  -1.2155768   1.0282398 ]

[-4.827359   -3.6144218   3.225361   -4.5856357   3.2126608  -0.97062784
 -0.32828438 -2.7548304  -1.2155768   1.0282398 ]

        [[-0.16553088, -0.91314536, -1.0223055 , ..., -1.5110883 ,
         -2.7632685 , -2.193112  ],
        [-0.03612393, -0.09598763, -0.04739452, ..., -0.49340498,
         -0.28773612,  1.0152841 ],
        [-0.1559842 ,  0.47120503,  1.20989   , ..., -0.26687133,
          0.8745297 , -0.19044168],
        ...,
        [ 1.04477   ,  0.38439113,  0.9149304 , ...,  2.15673   ,
          2.71907   ,  1.7847444 ],
        [ 1.2358979 ,  0.26985785, -0.4299817 , ...,  0.6745465 ,
          1.901359  ,  1.7926059 ],
        [ 0.3155375 , -0.29844716,  0.55687225, ..., -0.41816825,
         -0.42253065, -0.91561246]]], dtype=float32)



[-5.905665  -4.2148113  5.172045  -3.6778603  0.534242  -0.8812121
 -1.2768204 -5.1524734 -3.6267817  1.5532646]

[-0.75109386 -3.87208    -2.257679   -2.3641367   2.0791185   7.5233216
  4.52837     1.7558745  -0.24860972 -2.554195  ]

[-0.7590331  -3.886893   -2.2619138  -2.3726206   2.0868871   7.5206857
  4.532536    1.751194   -0.26000044 -2.556862 ]

[-5.1166253  -3.1004245   3.466925   -4.582498  3.56475  -0.83049893
 -0.32937735 -2.8204236  -1.5764662   0.9599515]